D2-EX1504L2-01,D2-EX1504L2-02,D2-EX1504L2-03,D2-EX1504L2-04,D2-EX1504L2-05,D2-EX1504L2-06,D2-EX1504L2-07,D2-EX1504L2-08,D2-EX1504L2-09,D2-EX1504L2-10,D2-EX1504L2-11,D2-EX1504L2-12,D2-EX1504L2-13,D2-EX1504L2-14,D2-EX1504L2-15,D2-EX1504L2-16,D2-EX1504L2-17,D2-EX1504L2-18,D2-EX1603-01,D2-EX1603-02,D2-EX1603-03,D2-EX1603-04,D2-EX1603-05,D2-EX1603-06,D2-EX1603-07
Abyssoberyx sp.,0,0,0,0,0,0,0,0,0,0,0,0,0,0,0,0,0,0,1,0,0,0,0,0,0
Actinopterygii,4,0,1,0,1,0,0,5,1,0,0,0,0,0,0,2,1,0,2,1,0,0,0,13,0
Aldrovandia phalacra,0,0,0,0,0,0,0,0,0,0,0,0,0,0,0,0,0,0,0,0,0,0,0,1,0
Aldrovandia sp.,0,0,0,0,0,1,0,0,0,0,0,0,0,0,0,3,0,0,0,2,0,2,0,2,0
Alepocephalidae,0,0,0,0,0,0,0,0,0,1,0,0,0,0,0,0,0,0,0,0,0,1,0,0,0
Anguilliformes,0,0,0,0,0,0,0,5,0,0,0,0,0,0,0,1,0,0,0,0,0,0,0,0,0
Antimora microlepis,0,0,0,0,0,0,0,0,0,0,1,0,0,0,0,0,0,0,0,0,0,0,0,0,0
Apristurus sp.,0,0,0,0,0,0,0,0,0,0,0,0,0,0,0,0,0,0,0,1,0,0,0,0,0
Bassogigas sp.,1,0,0,1,0,0,0,0,0,0,0,1,0,0,0,0,0,0,0,0,0,0,0,0,0
Bassogigas walkeri,1,0,0,0,0,0,0,0,0,0,0,0,0,0,1,0,0,0,0,0,0,0,0,0,0
Bassozetus sp.,0,0,0,0,0,1,0,0,0,5,0,0,0,0,0,0,0,0,0,0,1,0,0,0,0
Bathypterois atricolor,0,0,0,0,0,0,0,0,0,0,0,0,0,0,0,13,0,0,0,0,0,0,0,0,0
Bathysaurus mollis,0,0,0,0,0,0,0,0,0,0,0,0,0,0,0,0,0,0,1,0,0,0,0,0,0
Cataetyx hawaiiensis,0,0,0,0,0,0,0,0,0,0,0,0,0,0,0,0,0,0,0,0,0,0,1,0,0
cf. Bassogigas sp.,0,0,0,0,0,0,0,0,0,0,0,0,0,0,0,0,0,0,0,0,0,1,0,0,0
Coelorinchus aratrum,0,0,0,0,0,0,0,0,0,0,0,0,0,0,0,0,0,0,0,0,0,0,0,1,0
Coelorinchus tokiensis,0,0,0,0,0,0,0,0,0,0,0,0,0,0,0,0,0,0,0,0,0,0,0,1,0
Coryphaenoides longicirrhus,0,2,0,2,0,0,0,0,0,0,0,1,0,1,0,0,1,0,0,0,0,0,0,0,1
Coryphaenoides longifilis,0,0,0,0,0,0,0,0,0,0,0,0,0,0,0,1,0,0,0,0,0,1,0,0,0
Coryphaenoides sp.,0,0,0,1,0,0,0,0,0,0,0,0,0,0,0,0,0,0,0,0,1,0,0,1,1
Cyclothone pallida,0,0,0,0,0,0,0,0,0,0,0,0,0,0,0,0,0,0,0,0,0,1,0,2,0
Cyclothone sp.,0,0,0,0,0,0,0,0,0,0,0,0,0,0,0,1,0,0,0,1,0,0,0,0,0
Diplacanthopoma sp.,0,0,0,0,0,0,0,2,0,0,0,0,0,0,0,0,0,0,0,0,0,0,0,1,0
Epigonus sp.,0,0,0,0,0,0,0,0,0,0,0,0,0,0,0,0,0,0,0,0,0,0,0,1,0
Gadomus melanopterus,0,0,0,0,0,0,0,0,0,0,0,0,0,0,1,0,0,0,0,0,0,0,0,0,0
Gadomus sp.,0,0,0,0,0,0,0,0,0,0,0,0,0,0,0,0,0,0,0,0,0,0,0,1,0
Gonostomatidae,0,0,0,0,0,0,0,0,0,0,0,0,0,0,0,0,0,0,0,0,0,0,0,1,0
Halosauridae,1,0,0,0,0,0,0,3,0,0,0,0,0,0,0,1,0,0,0,12,0,3,0,2,0
Halosaurus sp.,0,0,0,0,0,0,0,2,0,1,0,0,0,0,1,2,0,0,0,0,0,0,0,0,0
Haplomacrourus sp.,0,0,0,0,0,0,0,0,0,0,0,0,0,0,0,0,0,0,0,0,0,0,0,2,0
Ilyophinae,0,0,0,0,0,0,0,0,0,0,0,0,0,0,0,0,1,0,0,0,0,1,0,3,0
Ilyophis blachei,0,0,0,0,0,0,0,0,0,0,0,0,0,0,0,0,0,0,0,0,1,0,0,0,0
Ilyophis sp.,1,0,0,0,0,0,0,0,0,0,1,2,0,0,0,0,1,0,0,0,0,0,0,0,0
Kumba sp.,0,1,0,0,0,2,2,0,0,1,0,0,6,0,1,0,0,0,0,0,1,2,0,3,4
Laemonema rhodochir,0,0,0,0,0,0,0,0,0,0,0,0,0,0,0,0,0,0,0,0,0,0,0,1,0
Lepidion sp.,0,0,0,0,0,0,0,0,0,0,0,0,0,0,0,0,0,0,0,0,0,0,0,1,0
Leucicorus lusciosus,0,0,0,0,2,0,0,0,0,0,0,0,0,0,0,0,0,0,0,0,0,0,0,0,0
Macrouridae,0,3,3,0,0,4,1,3,0,4,1,0,4,1,1,1,5,1,0,0,0,0,0,8,0
Macrourinae,0,0,0,0,0,0,0,0,0,0,0,0,0,0,0,0,0,0,0,0,0,0,0,0,2
Malacocephalus sp.,0,0,0,0,0,0,0,0,0,0,0,0,0,0,0,0,0,0,0,0,1,0,0,0,0
Moridae,0,0,0,0,0,0,0,0,0,0,0,0,0,0,0,0,0,0,0,0,0,0,0,1,0
Nemichthyidae,0,0,0,0,0,0,0,1,0,0,0,0,0,0,0,0,0,0,0,0,0,0,0,0,0
Neoscopelus macrolepidotus,0,0,0,0,0,0,0,0,0,0,0,0,0,0,0,0,0,0,0,0,0,0,0,4,0
Nettastoma parviceps,0,0,0,0,0,0,0,0,0,0,0,0,0,0,0,0,0,0,0,0,0,0,0,2,0
Nezumia obliquata,0,0,0,0,0,0,0,3,0,0,0,0,0,0,0,0,0,0,0,0,0,0,0,0,0
Nezumia sp.,0,0,0,0,0,0,0,0,0,0,0,0,0,0,0,0,0,0,0,0,0,0,0,2,0
Ophidiidae,2,0,0,0,0,1,0,0,0,0,0,0,1,2,1,0,0,1,0,2,0,2,1,0,0
Ophidiiformes,0,0,0,0,0,0,0,0,0,0,0,0,0,0,1,0,0,0,0,0,0,0,0,0,0
Paraliparis hawaiiensis,0,0,1,0,0,0,0,0,0,0,0,0,0,0,0,0,0,0,0,0,0,0,0,0,0
Solocisquama erythrina,0,0,0,0,0,0,0,0,0,0,0,0,0,0,0,0,0,0,0,0,0,0,0,1,0
Spectrunculus grandis,0,0,0,0,0,0,0,0,0,0,0,0,0,0,1,1,0,0,0,0,0,0,0,1,0
Synaphobranchidae,0,0,0,1,0,1,2,5,2,0,0,3,1,0,0,1,1,2,0,2,0,0,0,14,0
Synaphobranchinae,0,0,0,0,0,0,0,2,0,0,0,0,0,5,0,0,0,0,0,0,0,0,0,0,0
Synaphobranchus brevidorsalis,2,1,0,0,0,5,0,1,0,0,0,0,0,0,0,2,1,2,0,2,1,0,4,0,3
Synaphobranchus sp.,0,0,0,0,0,0,0,2,0,0,0,0,0,0,0,0,0,0,0,1,0,0,0,0,1
Venefica tentaculata,0,0,0,0,0,0,0,0,0,0,0,0,0,0,0,1,0,0,0,0,0,0,0,0,0